0 0.078906 0.725000 0.085938 0.034375
0 0.063281 0.778125 0.039062 0.056250
0 0.239063 0.589844 0.103125 0.051562
0 0.363281 0.581250 0.045312 0.043750
0 0.535156 0.551562 0.039062 0.093750
0 0.438281 0.639062 0.067187 0.046875
0 0.628906 0.117188 0.073438 0.028125
0 0.981250 0.314844 0.034375 0.082812
0 0.978906 0.539844 0.042188 0.089063
0 0.764062 0.690625 0.053125 0.134375
0 0.650781 0.762500 0.064062 0.040625
0 0.799219 0.803906 0.054688 0.054688
0 0.408594 0.978125 0.032813 0.043750
0 0.864062 0.970313 0.037500 0.056250
