0 0.011719 0.558594 0.020313 0.082812
0 0.234375 0.693750 0.056250 0.140625
0 0.120313 0.760156 0.068750 0.045312
0 0.268750 0.806250 0.053125 0.050000
0 0.339062 0.971875 0.037500 0.053125
0 0.448437 0.535156 0.046875 0.085938
0 0.536719 0.409375 0.035937 0.093750
0 0.453906 0.322656 0.035937 0.082812
0 0.101562 0.117188 0.075000 0.028125
0 0.657031 0.055469 0.048438 0.085938
0 0.595313 0.125781 0.068750 0.060937
0 0.732031 0.064844 0.085938 0.060937
0 0.693750 0.150000 0.068750 0.078125
0 0.656250 0.376563 0.043750 0.068750
0 0.740625 0.410938 0.025000 0.056250
0 0.645312 0.674219 0.031250 0.079687
0 0.732031 0.795312 0.039062 0.084375
0 0.707812 0.899219 0.065625 0.067187
0 0.731250 0.950781 0.078125 0.060937
0 0.828125 0.918750 0.050000 0.043750
0 0.853906 0.836719 0.035937 0.064062
0 0.855469 0.756250 0.035937 0.093750
0 0.898438 0.802344 0.040625 0.029687
0 0.924219 0.746875 0.051562 0.065625
