0 0.134740 0.054688 0.042208 0.078125
0 0.209416 0.067969 0.087662 0.057813
0 0.074675 0.128125 0.051948 0.056250
0 0.172078 0.147656 0.068182 0.082812
0 0.131494 0.378125 0.055195 0.068750
0 0.014610 0.408594 0.025974 0.076563
0 0.219156 0.416406 0.025974 0.048438
0 0.116883 0.671094 0.035714 0.079687
0 0.642045 0.273438 0.069805 0.025000
0 0.939123 0.420312 0.089286 0.034375
0 0.593344 0.576562 0.076299 0.043750
0 0.211851 0.782813 0.056818 0.087500
0 0.186688 0.898438 0.064935 0.059375
0 0.208604 0.943750 0.079545 0.053125
0 0.309253 0.917969 0.050325 0.029687
0 0.334416 0.838281 0.045455 0.064062
0 0.336851 0.757812 0.037338 0.090625
0 0.383117 0.803125 0.038961 0.021875
0 0.409091 0.743750 0.055195 0.068750
0 0.539773 0.712500 0.047078 0.081250
0 0.748377 0.818750 0.068182 0.046875
0 0.888799 0.827344 0.056818 0.045312
0 0.891234 0.860156 0.113636 0.032813
0 0.940747 0.942969 0.099026 0.045312
