0 0.079687 0.195687 0.081250 0.036741
0 0.064844 0.250799 0.032813 0.060703
0 0.239844 0.058307 0.104688 0.046326
0 0.364844 0.050319 0.045312 0.046326
0 0.440625 0.104633 0.059375 0.049521
0 0.535156 0.035144 0.045312 0.067093
0 0.765625 0.162141 0.062500 0.138978
0 0.652344 0.232428 0.070312 0.046326
0 0.801562 0.282748 0.056250 0.051118
0 0.389062 0.470447 0.081250 0.075080
0 0.511719 0.538339 0.057813 0.083067
0 0.871875 0.456070 0.037500 0.078275
0 0.988281 0.027955 0.020313 0.052716
0 0.978906 0.513578 0.042188 0.075080
