0 0.120313 0.234824 0.068750 0.041534
0 0.232031 0.166134 0.057813 0.143770
0 0.268750 0.281949 0.056250 0.052716
0 0.336719 0.460064 0.035937 0.092652
0 0.454688 0.507987 0.062500 0.083067
0 0.458594 0.023962 0.026562 0.044728
0 0.644531 0.142971 0.035937 0.087859
0 0.731250 0.270767 0.068750 0.103834
0 0.857031 0.230831 0.032813 0.097444
0 0.925000 0.214058 0.062500 0.067093
0 0.903125 0.277157 0.040625 0.030351
0 0.855469 0.313099 0.045312 0.073482
0 0.710156 0.376198 0.073438 0.065495
0 0.735938 0.424121 0.084375 0.059105
0 0.833594 0.394569 0.051562 0.041534
0 0.720313 0.535144 0.021875 0.047923
0 0.625781 0.656550 0.060937 0.047923
0 0.854688 0.635783 0.040625 0.102236
0 0.920312 0.674121 0.093750 0.076677
0 0.846094 0.746805 0.042188 0.052716
0 0.901563 0.787540 0.037500 0.047923
0 0.926562 0.769169 0.053125 0.030351
0 0.824219 0.930511 0.035937 0.059105
0 0.479687 0.939297 0.056250 0.038339
