0 0.118506 0.138179 0.029221 0.084665
0 0.594156 0.045527 0.074675 0.043131
0 0.213474 0.260383 0.069805 0.092652
0 0.185065 0.373802 0.074675 0.067093
0 0.210227 0.422524 0.089286 0.059105
0 0.094968 0.654952 0.063312 0.044728
0 0.194805 0.535942 0.038961 0.059105
0 0.308442 0.393770 0.055195 0.036741
0 0.333604 0.313898 0.043831 0.065495
0 0.336851 0.230831 0.030844 0.091054
0 0.409903 0.219649 0.053571 0.081470
0 0.382305 0.275559 0.050325 0.030351
0 0.538149 0.183706 0.053571 0.086262
0 0.657468 0.205272 0.061688 0.094249
0 0.746753 0.290735 0.068182 0.060703
0 0.892045 0.304313 0.060065 0.049521
0 0.889610 0.334665 0.116883 0.033546
0 0.941558 0.422524 0.103896 0.049521
0 0.888799 0.563099 0.030844 0.071885
0 0.900162 0.884185 0.060065 0.084665
0 0.614448 0.496006 0.040584 0.055911
0 0.334416 0.637380 0.025974 0.095847
0 0.396916 0.675719 0.089286 0.070288
0 0.327110 0.746805 0.037338 0.036741
0 0.380682 0.783546 0.050325 0.033546
0 0.404221 0.766773 0.035714 0.025559
0 0.513799 0.496805 0.089286 0.047923
0 0.655032 0.711661 0.125000 0.068690
0 0.788961 0.463259 0.048701 0.057508
0 0.301948 0.931310 0.035714 0.054313
0 0.418831 0.975240 0.035714 0.046326
0 0.587662 0.446486 0.038961 0.043131
0 0.460227 0.807508 0.069805 0.078275
