0 0.449219 0.228125 0.073438 0.084375
0 0.268750 0.353125 0.050000 0.031250
0 0.616406 0.334375 0.132812 0.059375
0 0.831250 0.365625 0.075000 0.062500
0 0.740625 0.442969 0.075000 0.117188
0 0.814844 0.855469 0.048438 0.082812
0 0.122656 0.546875 0.035937 0.059375
0 0.561719 0.640625 0.039062 0.043750
0 0.655469 0.560937 0.076563 0.078125
0 0.316406 0.721875 0.095312 0.050000
0 0.587500 0.125781 0.056250 0.057813
0 0.106250 0.429688 0.112500 0.059375
0 0.416406 0.367188 0.110937 0.146875
0 0.369531 0.508594 0.085938 0.085938
0 0.868750 0.518750 0.071875 0.121875
