0 0.049219 0.126562 0.048438 0.062500
0 0.494531 0.071875 0.101562 0.093750
0 0.750000 0.042969 0.081250 0.054688
0 0.871875 0.054688 0.053125 0.106250
0 0.925000 0.500781 0.075000 0.076563
0 0.283594 0.851562 0.048438 0.078125
0 0.553125 0.779687 0.062500 0.087500
0 0.554688 0.860156 0.050000 0.039062
0 0.639062 0.831250 0.068750 0.050000
0 0.703125 0.718750 0.109375 0.043750
0 0.740625 0.687500 0.081250 0.075000
0 0.124219 0.560937 0.073438 0.071875
0 0.029687 0.644531 0.046875 0.042188
0 0.296875 0.364844 0.078125 0.054688
0 0.087500 0.335938 0.134375 0.059375
0 0.210156 0.446875 0.082812 0.121875
0 0.337500 0.518750 0.065625 0.125000
