0 0.110937 0.422656 0.081250 0.067187
0 0.907813 0.937500 0.159375 0.125000
0 0.615625 0.153125 0.115625 0.050000
0 0.915625 0.035937 0.031250 0.068750
0 0.883594 0.138281 0.076563 0.123438
0 0.814063 0.120313 0.053125 0.071875
0 0.795312 0.213281 0.143750 0.139063
0 0.696094 0.296094 0.057813 0.117188
0 0.805469 0.337500 0.064062 0.043750
0 0.399219 0.539844 0.085938 0.029687
0 0.330469 0.712500 0.060937 0.034375
0 0.310937 0.732031 0.125000 0.042188
0 0.257031 0.807813 0.051562 0.056250
0 0.227344 0.884375 0.089063 0.118750
0 0.360156 0.950000 0.082812 0.075000
