0 0.035937 0.646875 0.056250 0.084375
0 0.128125 0.511719 0.065625 0.023438
0 0.139063 0.618750 0.043750 0.109375
0 0.279687 0.705469 0.028125 0.051562
0 0.314844 0.635156 0.079687 0.079687
0 0.229687 0.975781 0.031250 0.045312
0 0.381250 0.988281 0.053125 0.017188
0 0.813281 0.960156 0.082812 0.070312
0 0.848437 0.971875 0.059375 0.056250
0 0.977344 0.678906 0.045312 0.039062
0 0.932031 0.464062 0.048438 0.059375
0 0.885938 0.367188 0.046875 0.106250
0 0.902344 0.310937 0.029687 0.103125
0 0.857812 0.185938 0.059375 0.081250
