0 0.136719 0.487500 0.129688 0.100000
0 0.777344 0.870313 0.060937 0.115625
0 0.894531 0.308594 0.079687 0.051562
0 0.950781 0.378125 0.092188 0.075000
0 0.921094 0.486719 0.039062 0.039062
0 0.590625 0.700000 0.068750 0.128125
0 0.535156 0.949219 0.089063 0.048438
0 0.215625 0.150781 0.053125 0.076563
0 0.300781 0.026562 0.026562 0.050000
0 0.389062 0.036719 0.056250 0.070312
0 0.976562 0.815625 0.046875 0.065625
0 0.692969 0.672656 0.067187 0.026562
0 0.701562 0.639844 0.112500 0.070312
0 0.866406 0.239063 0.104688 0.115625
