0 0.522727 0.142971 0.107143 0.055911
0 0.456169 0.186901 0.113636 0.057508
0 0.396104 0.320288 0.051948 0.103834
0 0.550325 0.257188 0.074675 0.076677
0 0.392045 0.506390 0.082792 0.060703
0 0.415584 0.768371 0.077922 0.025559
0 0.453734 0.812300 0.076299 0.068690
0 0.548701 0.781949 0.090909 0.036741
0 0.555195 0.826677 0.029221 0.055911
0 0.485390 0.970447 0.025974 0.059105
0 0.580357 0.973642 0.027597 0.052716
0 0.827922 0.303514 0.077922 0.108626
0 0.799513 0.503195 0.125000 0.092652
0 0.968344 0.634185 0.050325 0.092652
0 0.887175 0.031150 0.047078 0.059105
