0 0.035937 0.143750 0.068750 0.093750
0 0.072656 0.572656 0.060937 0.057813
0 0.350000 0.666406 0.053125 0.085938
0 0.392969 0.915625 0.085938 0.062500
0 0.775781 0.868750 0.085938 0.037500
0 0.775000 0.804688 0.059375 0.065625
0 0.811719 0.739844 0.079687 0.060937
0 0.960156 0.521094 0.073438 0.057813
0 0.782813 0.428906 0.028125 0.082812
0 0.544531 0.046875 0.076563 0.090625
0 0.842187 0.038281 0.028125 0.057813
0 0.874219 0.028906 0.035937 0.054688
0 0.615625 0.250000 0.034375 0.062500
0 0.564844 0.271875 0.039062 0.053125
0 0.525000 0.275781 0.025000 0.107813
0 0.247656 0.885156 0.123438 0.057813
