0 0.065625 0.696094 0.056250 0.035937
0 0.393750 0.656250 0.065625 0.028125
0 0.514844 0.891406 0.070312 0.079687
0 0.787500 0.639844 0.065625 0.035937
0 0.685937 0.576562 0.040625 0.043750
0 0.552344 0.491406 0.051562 0.048438
0 0.382031 0.467969 0.032813 0.051562
0 0.509375 0.439063 0.065625 0.037500
0 0.574219 0.291406 0.064062 0.042188
0 0.251563 0.163281 0.031250 0.045312
0 0.371094 0.211719 0.073438 0.035937
0 0.383594 0.047656 0.039062 0.057813
0 0.949219 0.234375 0.064062 0.050000
0 0.987500 0.381250 0.025000 0.031250
0 0.492188 0.017969 0.053125 0.026562
