0 0.046875 0.286719 0.068750 0.045312
0 0.020313 0.493750 0.037500 0.046875
0 0.152344 0.579688 0.035937 0.037500
0 0.258594 0.639844 0.070312 0.035937
0 0.420312 0.235937 0.068750 0.050000
0 0.509375 0.135937 0.037500 0.065625
0 0.767969 0.100000 0.039062 0.062500
0 0.876563 0.149219 0.028125 0.057813
0 0.468750 0.385937 0.053125 0.034375
0 0.496094 0.572656 0.057813 0.051562
0 0.819531 0.525781 0.032813 0.082812
0 0.882031 0.649219 0.045312 0.023438
0 0.467187 0.973437 0.025000 0.043750
0 0.540625 0.979688 0.034375 0.037500
0 0.597656 0.983594 0.032813 0.032813
0 0.928906 0.975781 0.048438 0.045312
