0 0.153906 0.047125 0.035937 0.043131
0 0.257031 0.111821 0.070312 0.035144
0 0.500781 0.043930 0.054688 0.043131
0 0.824219 0.016773 0.023438 0.030351
0 0.883594 0.120607 0.042188 0.023962
0 0.932031 0.458466 0.048438 0.038339
0 0.727344 0.552716 0.029687 0.057508
0 0.598437 0.473642 0.034375 0.046326
0 0.536719 0.467252 0.039062 0.043131
0 0.467187 0.460863 0.025000 0.055911
0 0.198437 0.541534 0.053125 0.028754
0 0.235937 0.585463 0.037500 0.017572
0 0.334375 0.590256 0.040625 0.033546
0 0.391406 0.580671 0.029687 0.052716
0 0.432812 0.617412 0.040625 0.052716
0 0.411719 0.674121 0.064062 0.031949
0 0.602344 0.553514 0.042188 0.023962
0 0.835156 0.692492 0.089063 0.033546
0 0.716406 0.748403 0.035937 0.030351
0 0.732031 0.794728 0.029687 0.043131
0 0.870313 0.834665 0.053125 0.033546
0 0.733594 0.980831 0.023438 0.035144
