0 0.304383 0.019968 0.021104 0.036741
0 0.366071 0.119010 0.037338 0.023962
0 0.069805 0.473642 0.035714 0.052716
0 0.073052 0.551917 0.048701 0.023962
0 0.204545 0.552716 0.032468 0.060703
0 0.193994 0.750799 0.034091 0.025559
0 0.313312 0.692492 0.090909 0.033546
0 0.210227 0.797125 0.037338 0.044728
0 0.349026 0.835463 0.051948 0.041534
0 0.208604 0.980032 0.030844 0.039936
0 0.413961 0.456869 0.048701 0.044728
0 0.594968 0.290735 0.050325 0.057508
0 0.494318 0.588658 0.037338 0.059105
0 0.650974 0.430511 0.051948 0.020767
0 0.806818 0.405751 0.077922 0.022364
0 0.939935 0.382588 0.068182 0.023962
0 0.599026 0.892971 0.019481 0.041534
0 0.798701 0.833866 0.045455 0.044728
0 0.673701 0.972843 0.071429 0.038339
0 0.620942 0.626198 0.037338 0.038339
0 0.603084 0.150958 0.128247 0.126198
