0 0.028906 0.160156 0.054688 0.085938
0 0.195312 0.211719 0.034375 0.082812
0 0.382031 0.210938 0.060937 0.059375
0 0.267969 0.411719 0.042188 0.060937
0 0.227344 0.500781 0.042188 0.035937
0 0.262500 0.591406 0.043750 0.045312
0 0.226562 0.703906 0.046875 0.042188
0 0.127344 0.778125 0.039062 0.068750
0 0.191406 0.809375 0.073438 0.081250
0 0.201563 0.891406 0.071875 0.089063
0 0.745313 0.830469 0.065625 0.054688
0 0.791406 0.682031 0.054688 0.073438
0 0.625781 0.896875 0.070312 0.093750
0 0.337500 0.039844 0.046875 0.032813
