0 0.297078 0.054688 0.077922 0.043750
0 0.771916 0.043750 0.095779 0.034375
0 0.818994 0.253125 0.089286 0.059375
0 0.714286 0.330469 0.094156 0.070312
0 0.292208 0.277344 0.038961 0.048438
0 0.202110 0.295312 0.034091 0.065625
0 0.189935 0.364063 0.068182 0.065625
0 0.232955 0.539062 0.047078 0.040625
0 0.193994 0.575781 0.086039 0.035937
0 0.023539 0.666406 0.027597 0.067187
0 0.426948 0.464062 0.025974 0.046875
0 0.988636 0.804688 0.022727 0.053125
0 0.501623 0.817969 0.090909 0.079687
0 0.511364 0.917969 0.029221 0.064062
