0 0.628247 0.119531 0.042208 0.067187
0 0.433442 0.231250 0.061688 0.065625
0 0.643669 0.252344 0.024351 0.060937
0 0.085227 0.293750 0.050325 0.025000
0 0.586039 0.547656 0.032468 0.048438
0 0.344968 0.539062 0.040584 0.028125
0 0.767045 0.621875 0.069805 0.034375
0 0.574675 0.716406 0.100649 0.029687
0 0.486201 0.769531 0.034091 0.067187
0 0.680195 0.777344 0.061688 0.079687
0 0.095779 0.833594 0.042208 0.023438
0 0.121753 0.966406 0.068182 0.035937
0 0.401786 0.944531 0.086039 0.020313
0 0.977273 0.481250 0.038961 0.031250
0 0.649351 0.875000 0.035714 0.050000
