0 0.100781 0.297923 0.023438 0.052716
0 0.085938 0.623003 0.062500 0.041534
0 0.067187 0.709265 0.068750 0.038339
0 0.392969 0.513578 0.035937 0.052716
0 0.335156 0.253195 0.042188 0.036741
0 0.530469 0.129393 0.032813 0.038339
0 0.624219 0.309904 0.042188 0.028754
0 0.655469 0.445687 0.067187 0.047923
0 0.917969 0.421725 0.076563 0.028754
0 0.588281 0.611022 0.051562 0.030351
0 0.725781 0.751597 0.029687 0.049521
0 0.953125 0.832268 0.056250 0.063898
0 0.675781 0.855431 0.026562 0.071885
0 0.656250 0.904952 0.062500 0.052716
0 0.439844 0.804313 0.107813 0.065495
