0 0.566558 0.599042 0.045455 0.044728
0 0.768669 0.086262 0.066558 0.031949
0 0.096591 0.307508 0.050325 0.020767
0 0.490260 0.242013 0.029221 0.062300
0 0.547078 0.187700 0.051948 0.023962
0 0.594156 0.189297 0.035714 0.023962
0 0.683442 0.251597 0.051948 0.075080
0 0.648539 0.343450 0.027597 0.041534
0 0.398539 0.423323 0.089286 0.028754
0 0.125000 0.442492 0.068182 0.041534
0 0.060065 0.611022 0.058442 0.017572
0 0.202922 0.756390 0.022727 0.055911
0 0.149351 0.857029 0.038961 0.065495
0 0.134740 0.909744 0.061688 0.046326
0 0.435877 0.835463 0.050325 0.060703
