0 0.912500 0.142187 0.071875 0.025000
0 0.700000 0.343750 0.068750 0.050000
0 0.660156 0.752344 0.060937 0.054688
0 0.520312 0.664062 0.050000 0.046875
0 0.280469 0.688281 0.060937 0.057813
0 0.173437 0.747656 0.021875 0.070312
0 0.049219 0.739062 0.029687 0.068750
0 0.064844 0.507812 0.029687 0.062500
0 0.024219 0.375781 0.045312 0.048438
0 0.045312 0.257031 0.031250 0.048438
0 0.503125 0.976562 0.053125 0.025000
0 0.167187 0.532813 0.071875 0.078125
0 0.773438 0.107031 0.059375 0.060937
0 0.416406 0.660156 0.098437 0.082812
