0 0.239844 0.108594 0.057813 0.057813
0 0.546094 0.016406 0.060937 0.023438
0 0.734375 0.102344 0.053125 0.107813
0 0.378906 0.140625 0.067187 0.025000
0 0.450000 0.135156 0.031250 0.026562
0 0.164062 0.345313 0.068750 0.050000
0 0.671094 0.366406 0.054688 0.082812
0 0.907031 0.500781 0.042188 0.076563
0 0.857812 0.661719 0.081250 0.032813
0 0.823438 0.698438 0.065625 0.028125
0 0.128906 0.751563 0.067187 0.046875
0 0.571875 0.803125 0.028125 0.046875
0 0.613281 0.887500 0.032813 0.056250
0 0.676562 0.860938 0.056250 0.034375
