0 0.089844 0.397656 0.057813 0.107813
0 0.358594 0.434375 0.060937 0.078125
0 0.585938 0.285156 0.109375 0.042188
0 0.717969 0.342187 0.057813 0.043750
0 0.889062 0.617969 0.046875 0.067187
0 0.463281 0.416406 0.048438 0.035937
0 0.201563 0.278906 0.059375 0.048438
0 0.211719 0.332031 0.098437 0.051562
0 0.283594 0.285938 0.042188 0.056250
0 0.274219 0.311719 0.060937 0.076563
0 0.150781 0.681250 0.079687 0.050000
0 0.358594 0.703906 0.070312 0.057813
0 0.408594 0.871875 0.073438 0.075000
0 0.378906 0.932813 0.029687 0.053125
0 0.419531 0.936719 0.064062 0.095312
0 0.489844 0.772656 0.095312 0.073438
0 0.040625 0.616406 0.056250 0.051562
0 0.288281 0.691406 0.070312 0.029687
0 0.238281 0.676562 0.079687 0.053125
