0 0.312500 0.552716 0.115625 0.073482
0 0.230469 0.825080 0.051562 0.068690
0 0.390625 0.667732 0.068750 0.095847
0 0.574219 0.560703 0.032813 0.073482
0 0.464844 0.386581 0.051562 0.054313
0 0.819531 0.760383 0.026562 0.057508
0 0.878125 0.507987 0.040625 0.118211
0 0.939063 0.349840 0.068750 0.079872
0 0.914062 0.412141 0.025000 0.054313
0 0.950781 0.415335 0.060937 0.092652
0 0.453125 0.263578 0.068750 0.111821
0 0.480469 0.193291 0.048438 0.108626
0 0.568750 0.087061 0.053125 0.059105
0 0.765625 0.145367 0.071875 0.060703
0 0.682813 0.152556 0.075000 0.049521
0 0.819531 0.163738 0.067187 0.030351
0 0.891406 0.177316 0.067187 0.067093
