0 0.917188 0.051118 0.050000 0.099042
0 0.973437 0.158946 0.053125 0.033546
0 0.383594 0.271565 0.070312 0.063898
0 0.407813 0.494409 0.040625 0.110224
0 0.379688 0.682109 0.037500 0.089457
0 0.500781 0.867412 0.085938 0.057508
0 0.726562 0.884984 0.068750 0.028754
0 0.873437 0.880192 0.028125 0.063898
0 0.905469 0.749201 0.092188 0.031949
0 0.688281 0.694888 0.054688 0.051118
0 0.730469 0.607029 0.048438 0.073482
0 0.775781 0.533546 0.042188 0.118211
0 0.223438 0.647764 0.056250 0.049521
0 0.200781 0.587859 0.089063 0.083067
0 0.157031 0.723642 0.092188 0.175719
0 0.058594 0.582268 0.089063 0.167732
